cam0:
  T_cam_imu:
  - [-0.99998569330517, 0.0049197739095669015, -0.00209976419080755, 0.1182083514751753]
  - [-0.002134472512626063, -0.007060263954729037, 0.9999727979800161, 0.0553722126932697]
  - [0.004904815192348908, 0.9999629735633055, 0.0070706640678654875, -0.1544434391424575]
  - [0.0, 0.0, 0.0, 1.0]
  cam_overlaps: [1]
  camera_model: pinhole
  distortion_coeffs: [-0.03300294671825067, -0.5175124939377906, 2.313916807263481, -3.5068044052772973]
  distortion_model: equidistant
  intrinsics: [3153.3548102242053, 3156.8246857953686, 1526.224661207172, 1550.987933348246]
  resolution: [3016, 3012]
  rostopic: /left/camera/image_color
  timeshift_cam_imu: -0.011605192275809667
cam1:
  T_cam_imu:
  - [-0.9997754999592223, 0.018731588784273334, 0.009903396533717228, -0.13726772399718523]
  - [0.009759160913189683, -0.007775929399168253, 0.9999221438193324, 0.054229647728904304]
  - [0.018807138526570906, 0.9997943100976301, 0.007591379113595658, -0.16341737154064478]
  - [0.0, 0.0, 0.0, 1.0]
  T_cn_cnm1:
  - [0.9998325568606223, 0.011904870503678335, 0.013897204749169582, -0.2539691492205758]
  - [-0.011896877817620713, 0.9999290133705296, -0.0006576610305324751, 0.00016610460555711333]
  - [-0.013904047602849188, 0.0004922175627975478, 0.9999032129071933, -0.007372561159278305]
  - [0.0, 0.0, 0.0, 1.0]
  cam_overlaps: [0]
  camera_model: pinhole
  distortion_coeffs: [0.013287636903956027, -0.9328098967121817, 4.010927796308173, -6.123589827851233]
  distortion_model: equidistant
  intrinsics: [3134.9225815898417, 3136.3178132070816, 1551.8246157491467, 1525.753309658798]
  resolution: [3016, 3012]
  rostopic: /right/camera/image_color
  timeshift_cam_imu: -0.011555926623867948
