cam0:
  cam_overlaps: [1]
  camera_model: pinhole
  distortion_coeffs: [-0.03300294671825067, -0.5175124939377906, 2.313916807263481, -3.5068044052772973]
  distortion_model: equidistant
  intrinsics: [3153.3548102242053, 3156.8246857953686, 1526.224661207172, 1550.987933348246]
  resolution: [3016, 3012]
  rostopic: /left/camera/image_color
cam1:
  T_cn_cnm1:
  - [0.9998325568606219, 0.011904870503678335, 0.013897204749169582, -0.2539691492205758]
  - [-0.011896877817620713, 0.9999290133705292, -0.0006576610305324753, 0.00016610460555711333]
  - [-0.013904047602849188, 0.0004922175627975478, 0.9999032129071929, -0.007372561159278305]
  - [0.0, 0.0, 0.0, 1.0]
  cam_overlaps: [0]
  camera_model: pinhole
  distortion_coeffs: [0.013287636903956027, -0.9328098967121817, 4.010927796308173, -6.123589827851233]
  distortion_model: equidistant
  intrinsics: [3134.9225815898417, 3136.3178132070816, 1551.8246157491467, 1525.753309658798]
  resolution: [3016, 3012]
  rostopic: /right/camera/image_color
