<?xml version="1.0" encoding="UTF-8"?>
<document version="1.5.0">
  <chunk label="Chunk 1" enabled="true">
    <sensors next_id="1">
      <sensor id="0" label="unknown" type="frame">
        <resolution width="2448" height="2048"/>
        <property name="layer_index" value="0"/>
        <bands>
          <band label="Red"/>
          <band label="Green"/>
          <band label="Blue"/>
        </bands>
        <data_type>uint8</data_type>
        <calibration type="frame" class="adjusted">
          <resolution width="2448" height="2048"/>
          <f>3112.8823912567359</f>
          <cx>279.38292337265955</cx>
          <cy>520.16997901442062</cy>
          <k1>-0.39730182898752875</k1>
          <k2>0.21220793359500151</k2>
          <k3>-0.073765988050890532</k3>
          <p1>0.00041387338956085052</p1>
          <p2>0.00052233190272440338</p2>
        </calibration>
        <covariance>
          <params>f cx cy k1 k2 k3 p1 p2</params>
          <coeffs>1.6438506543339862e-01 3.7965569733282188e-03 -9.8632726659582792e-03 -1.6204017176726739e-05 2.3528630858354633e-05 -1.7540811041721702e-05 6.7383513144090373e-08 5.0835173905024115e-07 3.7965569733282188e-03 2.4870230221386028e-02 -4.4244245324642313e-03 5.7209628129213780e-07 -1.8279585099609905e-06 1.3166079044931543e-06 -6.5190451076012727e-07 1.8744092375176948e-07 -9.8632726659582792e-03 -4.4244245324642313e-03 1.7764839158234996e-02 -6.3144356778832826e-08 -1.8959196256156449e-07 -8.8031495695881597e-08 -2.1700089910305042e-08 -8.2425544678362877e-07 -1.6204017176726739e-05 5.7209628129213780e-07 -6.3144356778832826e-08 8.6161483724922247e-09 -2.2093802616030941e-08 1.8897037648272139e-08 3.5249701710293352e-11 1.1293653990570462e-10 2.3528630858354633e-05 -1.8279585099609905e-06 -1.8959196256156449e-07 -2.2093802616030941e-08 7.1228559188824248e-08 -6.6408256997112267e-08 4.5800299101283165e-11 -2.9587800842331609e-11 -1.7540811041721702e-05 1.3166079044931543e-06 -8.8031495695881597e-08 1.8897037648272139e-08 -6.6408256997112267e-08 6.5519989077268258e-08 -3.2906593825902351e-11 1.5600061012068519e-11 6.7383513144090373e-08 -6.5190451076012727e-07 -2.1700089910305042e-08 3.5249701710293352e-11 4.5800299101283165e-11 -3.2906593825902351e-11 3.9356064912204921e-11 1.0442922454723715e-11 5.0835173905024115e-07 1.8744092375176948e-07 -8.2425544678362877e-07 1.1293653990570462e-10 -2.9587800842331609e-11 1.5600061012068519e-11 1.0442922454723715e-11 7.7858154634240280e-11</coeffs>
        </covariance>
      </sensor>
    </sensors>
    <components next_id="1" active_id="0">
      <component id="0" label="Component 1">
        <transform>
          <rotation locked="true">-1.9917867144431550e-01 -4.5166955704333639e-01 8.6966802176575031e-01 8.7466040377612719e-01 -4.8214201088185721e-01 -5.0082525984433530e-02 4.4192424114078566e-01 7.5068881208066196e-01 4.9108988231184819e-01</rotation>
          <translation locked="true">4.7517026293307645e+06 -7.1248798980531993e+05 4.1806673640004201e+06</translation>
          <scale locked="true">2.8094705861737816e+00</scale>
        </transform>
        <region>
          <center>4.0691781712916582e+00 -1.0583119016462671e+01 -8.3418422694296748e+00</center>
          <size>6.4939574539661407e+01 5.2291988861560824e+01 3.8208226704597479e+01</size>
          <R>-3.1214711711270465e-01 9.3122468507301104e-01 -1.8810838149561246e-01 -9.4894551483583200e-01 -2.9614212404872847e-01 1.0863817117783799e-01 4.5459731094510847e-02 2.1241569686484774e-01 9.7612139848188773e-01</R>
        </region>
        <partition>
          <partition>
            <partition>
              <partition>
                <camera_ids>266 267 268 269 270 271 272 273 274 275 276 277 278 279 280 281 282 471 472 473 474 475 476 477 478 479 480 481 482 483 484 485 486 487 488 489 490 491 492 493 494 495 496 497 498 499 500 501 502 503 504 505 506 507 508 509 510 511 512 513 514 515 516 517 518 519 520 521 522 523 524 525 526 527 528 529 530 531 532 533 534 535 536 537 538 539 540 541 542 543 544 545 546 547 548 549 550 551 552 553 554 555 556 557 558 559 560 561 562 563 564 565 566 567 568 569 570 571 572 573 574 575 576 577 578</camera_ids>
              </partition>
              <partition>
                <camera_ids>2 3 4 5 6 7 190 191 192 193 194 195 196 197 198 199 200 201 202 203 204 205 206 207 208 209 210 211 212 213 214 215 216 217 218 219 220 221 222 223 224 225 226 227 228 229 230 231 232 233 234 235 236 237 238 239 240 241 242 243 244 245 246 247 248 249 250 251 252 253 254 255 256 257 258 259 260 261 262 263 264 265</camera_ids>
              </partition>
              <partition>
                <camera_ids>409 410 411 412 413 414 415 416 417 418 419 420 421 422 423 424 425 426 427 428 429 430 431 432 433 434 435 436 437 438 439 440 441 442 443 444 445 446 447 448 449 450 451 452 453 454 455 456 457 458 459 460 461 462 463 464 465 466 467 468 469 470</camera_ids>
              </partition>
              <partition>
                <camera_ids>579 580 581 582 583 584 585 586 587 588 589 590 591 592 593 594 595 596 597 598 599 600 601 602 603 604 605 606 607 608 609 610 611 612 613 614 615 616 617 618 619 620 621 622 623 624 625 626 627 628 629 630 631 632 633 634 635 636 637 638</camera_ids>
              </partition>
            </partition>
            <partition>
              <partition>
                <camera_ids>639 640 641 642 643 644 645 646 647 648 649 650 651 652 653 654 655 656 657 658 659 660 661 662 663 664 665 666 667 668 669 670 671 672 673 674 675 676 677 678 679 680 681 682 683 684 685 686 687 688 689 690 691 692 693 694 695 696 697 698 699 700 701 702 703 704 705 706 707 708 709 710 711 712 713 714 715 716 717 718 719 720 721 722 723 724 725</camera_ids>
              </partition>
              <partition>
                <camera_ids>726 727 728 729 730 731 732 733 734 735 736 737 738 739 740 741 742 743 744 745 746 747 748 749 750 751 752 753 754 755 756 757 758 759 760 761 762 763 764 765 766 767 768 769 770 771 772 773 774 775 776 777 778 779 780 781 782 783 784 785 786 787 788 789 790 791 792 793 794 795 796 797 798 799 800 801 802 803 804 805 806 807 808 809 810 811 812 813</camera_ids>
              </partition>
            </partition>
          </partition>
          <partition>
            <partition>
              <partition>
                <camera_ids>0 8 9 10 11 12 13 14 15 16 17 18 19 20 21 22 23 24 25 26 27 28 29 30 31 32 33 34 35 36 37 38 39 40 41 42 43 44 45 46 47 48 49 50 51 52 53 54 55 56 57 58 59 60 61 62 63 64 65 66 67 68 69 70 71 72 73 74 75 76 77 78 79 80 81 82 83 84 85 86 87 88 89 90 91 92 93 94 95 96 97 98 99 100 101 102 103 104 105 106 107</camera_ids>
              </partition>
              <partition>
                <camera_ids>1 108 109 110 111 112 113 114 115 116 117 118 119 120 121 122 123 124 125 126 127 128 129 130 131 132 133 134 135 136 137 138 139 140 141 142 143 144 145 146 147 148 149 150 151 152 153 154 155 156 157 158 159 160 161 162 163 164 165 166 167 168 169 170 171 172 173 174 175 176 177 178 179 180 181 182 183 184 185 186 187 188 189</camera_ids>
              </partition>
            </partition>
            <partition>
              <partition>
                <camera_ids>283 284 285 286 287 288 289 290 291 292 293 294 295 296 297 298 299 300 301 302 303 304 305 306 307 308 309 310 311 312 313 314 315 316 317 318 319 320 321 322 323 324 325 326 327 328 329 330 331 332 333 334 335 336 337 338 339 340 341 342 343 344 345 346 347 348 349 350 351 352 353 354 355 356 357</camera_ids>
              </partition>
              <partition>
                <camera_ids>358 359 360 361 362 363 364 365 366 367 368 369 370 371 372 373 374 375 376 377 378 379 380 381 382 383 384 385 386 387 388 389 390 391 392 393 394 395 396 397 398 399 400 401 402 403 404 405 406 407 408</camera_ids>
              </partition>
            </partition>
          </partition>
        </partition>
      </component>
    </components>
    <cameras next_id="814" next_group_id="0">
      <camera id="2" sensor_id="0" component_id="0" label="time_1546319394.229446">
        <transform>-8.6960347696648177e-01 -4.6949677369060949e-01 -1.5284820032278165e-01 3.5964267234409415e+00 -3.5476460324387910e-01 8.0943423238519652e-01 -4.6792980213724433e-01 -3.6264449497658107e+00 3.4341209811685103e-01 -3.5268825177073326e-01 -8.7044765950049297e-01 1.4542547202113489e+00 0 0 0 1</transform>
        <rotation_covariance>1.8973109696870642e-05 -2.1983684093522840e-06 1.7049795491066948e-06 -2.1983684093522870e-06 4.4872476683087412e-05 -6.7499253957435809e-06 1.7049795491066940e-06 -6.7499253957435809e-06 1.5249068287131862e-05</rotation_covariance>
        <location_covariance>1.3416444999009864e-03 1.9310632575764788e-06 3.6462033642313182e-06 1.9310632575764788e-06 1.3490837066288627e-03 5.1798554838467686e-05 3.6462033642313182e-06 5.1798554838467686e-05 1.6188045315070432e-03</location_covariance>
        <reference x="-8.5274377777777808" y="41.217111508333304" z="116" enabled="true"/>
      </camera>
      <camera id="3" sensor_id="0" component_id="0" label="time_1546319394.429891">
        <transform>-8.8263937544095850e-01 -4.6237515991545625e-01 -8.4598725843545164e-02 4.0817037097545841e+00 -3.8834482445342927e-01 8.1870976112022986e-01 -4.2296882197945962e-01 -3.2262858065729842e+00 2.6483207932844943e-01 -3.4047545952625297e-01 -9.0218647253156981e-01 1.3514923641734136e+00 0 0 0 1</transform>
        <rotation_covariance>1.9202100393144271e-05 -2.6203086674574172e-06 1.2761233827670373e-06 -2.6203086674574197e-06 4.5099448813171648e-05 -6.0773059225867350e-06 1.2761233827670365e-06 -6.0773059225867324e-06 1.4786960334494791e-05</rotation_covariance>
        <location_covariance>1.4089231613757247e-03 1.1688634977234940e-06 4.4586842744556949e-06 1.1688634977234940e-06 1.4208448358191085e-03 7.0552785802408086e-05 4.4586842744556949e-06 7.0552785802408086e-05 1.7805058792736677e-03</location_covariance>
        <reference x="-8.5274315583333298" y="41.217126894444398" z="116" enabled="true"/>
      </camera>
      <camera id="4" sensor_id="0" component_id="0" label="time_1546319394.630307">
        <transform>-8.8942757656345828e-01 -4.5613933577914167e-01 -2.9248801743256170e-02 4.5581122016892870e+00 -4.1316752161075865e-01 8.2970466742915516e-01 -3.7534352789451225e-01 -2.8240819113102638e+00 1.9547681482589224e-01 -3.2175622946764926e-01 -9.2642417048794934e-01 1.2489559175475868e+00 0 0 0 1</transform>
        <rotation_covariance>1.9327494971370307e-05 -2.9125380380022685e-06 8.3748911077765387e-07 -2.9125380380022690e-06 4.5377228167442015e-05 -5.2082522473446059e-06 8.3748911077765599e-07 -5.2082522473446076e-06 1.4383012944888160e-05</rotation_covariance>
        <location_covariance>1.4883790531605445e-03 1.3193496830387026e-06 5.7331617970637805e-06 1.3193496830387026e-06 1.5054115615184295e-03 9.3795600005229616e-05 5.7331617970637805e-06 9.3795600005229616e-05 1.9754908251697892e-03</location_covariance>
        <reference x="-8.5274257555555604" y="41.217142111111102" z="116" enabled="true"/>
      </camera>
      <camera id="5" sensor_id="0" component_id="0" label="time_1546319394.930050">
        <transform>-8.9243264700161351e-01 -4.5054237603789116e-01 2.3990372231895311e-02 5.2476273972797038e+00 -4.3380777785241753e-01 8.4224231560059271e-01 -3.2006045317486198e-01 -2.2458554070958847e+00 1.2399509038845491e-01 -2.9603960749514879e-01 -9.4709332610555186e-01 1.0869102395509362e+00 0 0 0 1</transform>
        <rotation_covariance>1.9377786082287317e-05 -3.1113359216258743e-06 3.3916366899560591e-07 -3.1113359216258743e-06 4.5680090715267088e-05 -4.0954465259858836e-06 3.3916366899560591e-07 -4.0954465259858836e-06 1.4029835359389766e-05</rotation_covariance>
        <location_covariance>1.6224963685124020e-03 2.1394362674074730e-06 1.0383143781872986e-05 2.1394362674074730e-06 1.6487982443966361e-03 1.3717230648155760e-04 1.0383143781872986e-05 1.3717230648155760e-04 2.3158529140388947e-03</location_covariance>
        <reference x="-8.5274179666666701" y="41.217163902777799" z="116" enabled="true"/>
      </camera>
      <camera id="6" sensor_id="0" component_id="0" label="time_1546319395.131214">
        <transform>-8.9293961691286727e-01 -4.4798851864301054e-01 4.4329761013825492e-02 5.6754558862112843e+00 -4.4133220574094545e-01 8.5171887638031596e-01 -2.8249042425059989e-01 -1.8736309101473383e+00 8.8795972449958474e-02 -2.7181104242008447e-01 -9.5824528827183575e-01 9.7205470767526247e-01 0 0 0 1</transform>
        <rotation_covariance>1.9367395786640596e-05 -3.1438235630490469e-06 4.8674875012407419e-08 -3.1438235630490397e-06 4.5892002014830286e-05 -3.1606663475983933e-06 4.8674875012406995e-08 -3.1606663475983967e-06 1.3827995227827201e-05</rotation_covariance>
        <location_covariance>1.7205525515211931e-03 3.2069304166456762e-06 1.5856199251127095e-05 3.2069304166456762e-06 1.7540963284448056e-03 1.7084323713167983e-04 1.5856199251127095e-05 1.7084323713167983e-04 2.5676179160763523e-03</location_covariance>
        <reference x="-8.5274136194444505" y="41.217177105555599" z="116" enabled="true"/>
      </camera>
      <camera id="7" sensor_id="0" component_id="0" label="time_1546319395.430094">
        <transform>-8.9023794800028777e-01 -4.4864284088087270e-01 7.8714657253758591e-02 6.2723863398179027e+00 -4.5351640892998313e-01 8.5694109831388676e-01 -2.4489757216404026e-01 -1.3430683801882415e+00 4.2417717660066509e-02 -2.5371550080144673e-01 -9.6634837500850701e-01 7.9750541713619372e-01 0 0 0 1</transform>
        <rotation_covariance>1.9353089337578861e-05 -3.2589337528364297e-06 -2.8190780893020942e-07 -3.2589337528364254e-06 4.6002740220030159e-05 -2.4010878920508689e-06 -2.8190780893020899e-07 -2.4010878920508676e-06 1.3734465044778500e-05</rotation_covariance>
        <location_covariance>1.8762844662650136e-03 5.7405537009272748e-06 2.7294098016242068e-05 5.7405537009272748e-06 1.9218624225112808e-03 2.2638271423022026e-04 2.7294098016242068e-05 2.2638271423022026e-04 2.9702816838309350e-03</location_covariance>
        <reference x="-8.5274079749999991" y="41.217195419444401" z="116" enabled="true"/>
      </camera>
      <camera id="8" sensor_id="0" component_id="0" label="time_1546319395.730484">
        <transform>-8.8647302821958518e-01 -4.5003021465347687e-01 1.0788130578623843e-01 6.8003282691266165e+00 -4.6276176885639597e-01 8.6409935730529475e-01 -1.9794909949144890e-01 -8.5455891579032273e-01 -4.1370912605454419e-03 -2.2539988155170249e-01 -9.7425755212488885e-01 6.2762155991140134e-01 0 0 0 1</transform>
        <rotation_covariance>1.9299205551625403e-05 -3.2919119813036752e-06 -6.4904303041767647e-07 -3.2919119813036739e-06 4.6123252898314105e-05 -1.2992694286030570e-06 -6.4904303041767668e-07 -1.2992694286030570e-06 1.3670739188251927e-05</rotation_covariance>
        <location_covariance>2.0347294533870457e-03 9.0404984552237684e-06 4.1839079763436670e-05 9.0404984552237684e-06 2.0930226768923680e-03 2.8472931868096769e-04 4.1839079763436670e-05 2.8472931868096769e-04 3.3810436398348624e-03</location_covariance>
        <reference x="-8.5274029500000008" y="41.217212288888902" z="116" enabled="true"/>
      </camera>
      <camera id="9" sensor_id="0" component_id="0" label="time_1546319396.030265">
        <transform>-8.8479120948253631e-01 -4.5038355154763487e-01 1.1957914583140926e-01 7.2601730707916365e+00 -4.6525780443920706e-01 8.6818049200556358e-01 -1.7262041799678984e-01 -4.2461912149916003e-01 -2.6070884734486436e-02 -2.0836815926699803e-01 -9.7770292991933094e-01 4.6799249160923345e-01 0 0 0 1</transform>
        <rotation_covariance>1.9254610642947739e-05 -3.2503848843147986e-06 -8.3196721771079217e-07 -3.2503848843147965e-06 4.6170821528923503e-05 -6.6035679768489850e-07 -8.3196721771079153e-07 -6.6035679768489808e-07 1.3669325764831227e-05</rotation_covariance>
        <location_covariance>2.1867612186930287e-03 1.2828701811867757e-05 5.8686771473311612e-05 1.2828701811867757e-05 2.2578286301878701e-03 3.4275532118344289e-04 5.8686771473311612e-05 3.4275532118344289e-04 3.7773347567999190e-03</location_covariance>
        <reference x="-8.5273992777777803" y="41.217226627777798" z="116" enabled="true"/>
      </camera>
      <camera id="10" sensor_id="0" component_id="0" label="time_1546319396.230979">
        <transform>-8.6564434313822103e-01 -4.5021153592870367e-01 2.1901927794035880e-01 7.5264042633007460e+00 -4.7768516971956115e-01 8.7369726409221860e-01 -9.2032436389385242e-02 -1.6375960942980156e-01 -1.4992247937781883e-01 -1.8428961890049544e-01 -9.7137046822657602e-01 3.7432983830051192e-01 0 0 0 1</transform>
        <rotation_covariance>1.8918842983320756e-05 -3.0943712323799745e-06 -1.5773153669907772e-06 -3.0943712323799712e-06 4.6209182340966535e-05 5.3148642132003752e-07 -1.5773153669907772e-06 5.3148642132003794e-07 1.3971780997600197e-05</rotation_covariance>
        <location_covariance>2.2831253703321742e-03 1.5296779040800830e-05 6.9513484917413783e-05 1.5296779040800830e-05 2.3624650727309374e-03 3.7942251656267125e-04 6.9513484917413783e-05 3.7942251656267125e-04 4.0280568665197539e-03</location_covariance>
        <reference x="-8.5273974388888902" y="41.2172350638889" z="116" enabled="true"/>
      </camera>
      <camera id="11" sensor_id="0" component_id="0" label="time_1546319396.530152">
        <transform>-8.4992148282950453e-01 -4.5117609993831898e-01 2.7216465580479698e-01 7.8345142311171792e+00 -4.7576449671875704e-01 8.7911437567842388e-01 -2.8391163017433677e-02 1.6293086776105217e-01 -2.2645444726664835e-01 -1.5361653986463450e-01 -9.6183176387202640e-01 2.3507846650631345e-01 0 0 0 1</transform>
        <rotation_covariance>1.8594804527442400e-05 -2.7429166006244540e-06 -2.0177209908937535e-06 -2.7429166006244519e-06 4.6186912218384389e-05 1.7422448003309526e-06 -2.0177209908937539e-06 1.7422448003309522e-06 1.4321640065786072e-05</rotation_covariance>
        <location_covariance>2.4087038155902870e-03 1.9543230643223154e-05 8.8249407467893101e-05 1.9543230643223154e-05 2.4990291226713490e-03 4.2853066436524369e-04 8.8249407467893101e-05 4.2853066436524369e-04 4.3472440175516269e-03</location_covariance>
        <reference x="-8.5273955833333304" y="41.217245175000002" z="116" enabled="true"/>
      </camera>
      <camera id="0" sensor_id="0" component_id="0" label="time_1546319396.730552">
        <transform>-8.5052266521169573e-01 -4.5479584175005788e-01 2.6414378336059624e-01 7.9694327637405209e+00 -4.7225496843954912e-01 8.8145703948726528e-01 -2.9550503389278449e-03 3.3650561604104390e-01 -2.3148745267369045e-01 -1.2725655136456138e-01 -9.6447878638643159e-01 1.3479159245862332e-01 0 0 0 1</transform>
        <rotation_covariance>1.8554402610651546e-05 -2.5660970948989587e-06 -2.0985561193419737e-06 -2.5660970948989558e-06 4.6093652068787774e-05 2.6011664926700562e-06 -2.0985561193419742e-06 2.6011664926700562e-06 1.4455420674732428e-05</rotation_covariance>
        <location_covariance>2.4771031144206670e-03 2.3217972713832853e-05 1.0392031878586779e-04 2.3217972713832853e-05 2.5736688252065514e-03 4.5658423265699274e-04 1.0392031878586779e-04 4.5658423265699274e-04 4.5104690031834678e-03</location_covariance>
        <reference x="-8.5273952194444504" y="41.217249774999999" z="116" enabled="true"/>
      </camera>
      <camera id="12" sensor_id="0" component_id="0" label="time_1546319396.730552">
        <transform>-8.5052266521169595e-01 -4.5479584175005811e-01 2.6414378336059557e-01 7.9694327637405147e+00 -4.7225496843954906e-01 8.8145703948726539e-01 -2.9550503389276922e-03 3.3650561604104323e-01 -2.3148745267368978e-01 -1.2725655136456093e-01 -9.6447878638643225e-01 1.3479159245862790e-01 0 0 0 1</transform>
        <rotation_covariance>1.8554402610646647e-05 -2.5660970949040935e-06 -2.0985561193413097e-06 -2.5660970949040913e-06 4.6093652068825741e-05 2.6011664926711023e-06 -2.0985561193413109e-06 2.6011664926711014e-06 1.4455420674732055e-05</rotation_covariance>
        <location_covariance>2.4771031144197523e-03 2.3217972713185550e-05 1.0392031878391006e-04 2.3217972713185550e-05 2.5736688252066368e-03 4.5658423265566324e-04 1.0392031878391006e-04 4.5658423265566324e-04 4.5104690031799403e-03</location_covariance>
        <reference x="-8.5273952194444504" y="41.217249774999999" z="116" enabled="true"/>
      </camera>
      <camera id="13" sensor_id="0" component_id="0" label="time_1546319396.930689">
        <transform>-8.6087584420230090e-01 -4.5797545427156516e-01 2.2170084382728686e-01 8.0535860461492241e+00 -4.6965200865593465e-01 8.8285162268958517e-01 5.5496057006991506e-05 4.6593394465706578e-01 -1.9575436555648854e-01 -1.0407447140927514e-01 -9.7511472800202148e-01 3.4968893226531565e-02 0 0 0 1</transform>
        <rotation_covariance>1.8692567637904315e-05 -2.5480071328996079e-06 -1.9942902099835794e-06 -2.5480071328996066e-06 4.5970966524678856e-05 3.2468889074900855e-06 -1.9942902099835798e-06 3.2468889074900859e-06 1.4439436945528906e-05</rotation_covariance>
        <location_covariance>2.5297615976700326e-03 2.7376504869675817e-05 1.2102563377049920e-04 2.7376504869675817e-05 2.6316287849767819e-03 4.7973610693887272e-04 1.2102563377049920e-04 4.7973610693887272e-04 4.6278269197469486e-03</location_covariance>
        <reference x="-8.5273953777777791" y="41.2172529805556" z="116" enabled="true"/>
      </camera>
      <camera id="14" sensor_id="0" component_id="0" label="time_1546319397.230235">
        <transform>-8.8018029490277061e-01 -4.6127381525737426e-01 1.1184415864397304e-01 8.1026261185989252e+00 -4.6577305685329728e-01 8.8474915983049951e-01 -1.6564531045623228e-02 5.9228805925977468e-01 -9.1313240958840358e-02 -6.6673769483451273e-02 -9.9358769139339709e-01 -1.0271555655837654e-01 0 0 0 1</transform>
        <rotation_covariance>1.9059295104981957e-05 -2.7825051822644682e-06 -1.6025142534022026e-06 -2.7825051822644602e-06 4.5709406640163408e-05 4.1492474409817232e-06 -1.6025142534022020e-06 4.1492474409817215e-06 1.4333750550586952e-05</rotation_covariance>
        <location_covariance>2.5828797916040715e-03 3.3861423964713779e-05 1.4610377124291650e-04 3.3861423964713779e-05 2.6904978291009099e-03 5.0495630403648358e-04 1.4610377124291650e-04 5.0495630403648358e-04 4.7295695187536090e-03</location_covariance>
        <reference x="-8.5273965222222206" y="41.21725515" z="116" enabled="true"/>
      </camera>
      <camera id="15" sensor_id="0" component_id="0" label="time_1546319397.530213">
        <transform>-8.8909422801370686e-01 -4.5729559140548115e-01 -1.9803933796635448e-02 8.1024508126933501e+00 -4.5408499022401289e-01 8.8664440280811607e-01 -8.7570112608685594e-02 6.2926056155919885e-01 5.7604473489202793e-02 -6.8865412582450505e-02 -9.9596148499019810e-01 -2.0039623935145998e-01 0 0 0 1</transform>
        <rotation_covariance>1.9396533135700523e-05 -3.2547208164757696e-06 -8.1202020279985748e-07 -3.2547208164757708e-06 4.5749793265811496e-05 3.6291250647478869e-06 -8.1202020279985759e-07 3.6291250647478877e-06 1.3951736488632569e-05</rotation_covariance>
        <location_covariance>2.6034410487084589e-03 3.9046290771802474e-05 1.6522529260774515e-04 3.9046290771802474e-05 2.7136778582894194e-03 5.1837600729905293e-04 1.6522529260774515e-04 5.1837600729905293e-04 4.7561864999175777e-03</location_covariance>
        <reference x="-8.5273974500000005" y="41.217254997222199" z="116" enabled="true"/>
      </camera>
      <camera id="16" sensor_id="0" component_id="0" label="time_1546319397.830446">
        <transform>-8.8108205739598056e-01 -4.4986303286242502e-01 -1.4600568413142878e-01 8.0782806161781728e+00 -4.3018232756116015e-01 8.9054205475038362e-01 -1.4791218264574368e-01 6.0276771392930817e-01 1.9656442503395327e-01 -6.7513705162624421e-02 -9.7816375235759279e-01 -2.6044066983314890e-01 0 0 0 1</transform>
        <rotation_covariance>1.9456502532627522e-05 -3.5254151646374669e-06 -7.9602073397075758e-09 -3.5254151646374640e-06 4.5784685038806816e-05 3.2296819912400853e-06 -7.9602073397067288e-09 3.2296819912400857e-06 1.3851837124661223e-05</rotation_covariance>
        <location_covariance>2.6003811028138626e-03 4.2614359509506585e-05 1.7808170537979189e-04 4.2614359509506585e-05 2.7112367033160271e-03 5.2298938987122544e-04 1.7808170537979189e-04 5.2298938987122544e-04 4.7339451192850556e-03</location_covariance>
        <reference x="-8.5273977666666703" y="41.217253522222201" z="116" enabled="true"/>
      </camera>
      <camera id="17" sensor_id="0" component_id="0" label="time_1546319398.130388">
        <transform>-8.7894254562328178e-01 -4.4663959241837337e-01 -1.6725153505308821e-01 8.0874599859551246e+00 -4.0943139275872947e-01 8.8648256842914119e-01 -2.1567241477509305e-01 5.3434000507667934e-01 2.4459340979861205e-01 -1.2108563232531921e-01 -9.6203551573082047e-01 -2.7302155877827722e-01 0 0 0 1</transform>
        <rotation_covariance>1.9341700234053030e-05 -3.2862811470856432e-06 4.8827383625347674e-07 -3.2862811470856406e-06 4.6112288765644705e-05 1.3682885082479989e-06 4.8827383625347589e-07 1.3682885082479991e-06 1.3635815728252767e-05</rotation_covariance>
        <location_covariance>2.5845554109422053e-03 4.4013116474592910e-05 1.8305599609808959e-04 4.4013116474592910e-05 2.6952786039971311e-03 5.2323958436137667e-04 1.8305599609808959e-04 5.2323958436137667e-04 4.7037052737365082e-03</location_covariance>
        <reference x="-8.5273961777777796" y="41.217251841666702" z="115" enabled="true"/>
      </camera>
      <camera id="18" sensor_id="0" component_id="0" label="time_1546319398.430068">
        <transform>-9.4803549942733922e-01 -3.1631278624470877e-01 3.4277005173508998e-02 8.1421040043081749e+00 -3.1460799667791273e-01 9.1591845675650474e-01 -2.4922918970115335e-01 4.4456188691961979e-01 4.7439437727127817e-02 -2.4706193925996014e-01 -9.6783774358992725e-01 -2.2285062396008798e-01 0 0 0 1</transform>
        <rotation_covariance>1.9022136902292127e-05 7.7536439475410066e-07 -3.8795949842190782e-07 7.7536439475410066e-07 4.6425234102520115e-05 -1.9628729466450107e-06 -3.8795949842190803e-07 -1.9628729466450099e-06 1.3645633581454105e-05</rotation_covariance>
        <location_covariance>2.5612607773664274e-03 4.2197274404621146e-05 1.7662638420546707e-04 4.2197274404621146e-05 2.6712132101774071e-03 5.1894115264926300e-04 1.7662638420546707e-04 5.1894115264926300e-04 4.6818829533377369e-03</location_covariance>
        <reference x="-8.5273933416666701" y="41.217250697222198" z="115" enabled="true"/>
      </camera>
      <camera id="19" sensor_id="0" component_id="0" label="time_1546319398.730052">
        <transform>-9.9924786594924875e-01 3.5042976677037603e-02 1.6603980892669588e-02 8.1458389302535146e+00 2.6706422902752654e-02 9.3236158151843651e-01 -3.6053938520524775e-01 3.2175620364086144e-01 -2.8115287151492325e-02 -3.5982477832140858e-01 -9.3259619318027309e-01 -1.6934032203119045e-01 0 0 0 1</transform>
        <rotation_covariance>2.2860169455280562e-05 9.3658453400779151e-06 -2.0297992964376725e-06 9.3658453400779168e-06 4.1847591079781394e-05 -4.9032599613448382e-06 -2.0297992964376725e-06 -4.9032599613448373e-06 1.4382660639144398e-05</rotation_covariance>
        <location_covariance>2.5234071126382469e-03 4.0267280015201916e-05 1.6935809717971443e-04 4.0267280015201916e-05 2.6312769476244339e-03 5.0879619915284000e-04 1.6935809717971443e-04 5.0879619915284000e-04 4.6162120674115683e-03</location_covariance>
        <reference x="-8.5273911694444493" y="41.217249027777797" z="115" enabled="true"/>
      </camera>
      <camera id="20" sensor_id="0" component_id="0" label="time_1546319398.930994">
        <transform>-9.2261875445653807e-01 3.7679810740881181e-01 -8.2448894341912674e-02 8.1100931861431107e+00 3.7991906033184936e-01 8.5084387447695475e-01 -3.6294105425207579e-01 2.5217408928384760e-01 -6.6604365634926999e-02 -3.6618012987897230e-01 -9.2815729860847829e-01 -1.4194844479778723e-01 0 0 0 1</transform>
        <rotation_covariance>3.1758920332875478e-05 1.3491336154902532e-05 -2.5902802156555640e-06 1.3491336154902528e-05 3.3204406448909471e-05 -3.4749499598335652e-06 -2.5902802156555632e-06 -3.4749499598335635e-06 1.4125471292739441e-05</rotation_covariance>
        <location_covariance>2.4981762360113645e-03 3.9194951355298432e-05 1.6508108591036774e-04 3.9194951355298432e-05 2.6042289459490943e-03 5.0019664758751514e-04 1.6508108591036774e-04 5.0019664758751514e-04 4.5595652209925990e-03</location_covariance>
        <reference x="-8.5273905666666696" y="41.217247891666702" z="115" enabled="true"/>
      </camera>
      <camera id="21" sensor_id="0" component_id="0" label="time_1546319399.230132">
        <transform>-6.0438352484609625e-01 7.7675872054031325e-01 -1.7710574513319419e-01 8.0748676127089585e+00 7.8876771391296818e-01 5.5211975842427574e-01 -2.7020226839541800e-01 1.6555814445053382e-01 -1.1209838706742463e-01 -3.0300109310379580e-01 -9.4637428599618389e-01 -1.1854311762847634e-01 0 0 0 1</transform>
        <rotation_covariance>4.4130232393997356e-05 7.8280381530821614e-06 -8.3406057390049534e-08 7.8280381530821580e-06 2.1328285330039174e-05 -8.6609987596368265e-07 -8.3406057390047205e-08 -8.6609987596368180e-07 1.3630048464693440e-05</rotation_covariance>
        <location_covariance>2.4692841516872920e-03 3.8535177099703266e-05 1.6229761635074257e-04 3.8535177099703266e-05 2.5735371930618403e-03 4.9171320698906116e-04 1.6229761635074257e-04 4.9171320698906116e-04 4.4951871623207526e-03</location_covariance>
        <reference x="-8.5273900944444492" y="41.217246583333299" z="115" enabled="true"/>
      </camera>
      <camera id="22" sensor_id="0" component_id="0" label="time_1546319399.530106">
        <transform>-2.1234630972612756e-01 9.6969374244875794e-01 -1.2084324805887060e-01 8.0762422265601383e+00 9.5567457410948276e-01 1.8026633385406343e-01 -2.3278779452427029e-01 8.8279830656321751e-02 -2.0394889837004229e-01 -1.6491844873918068e-01 -9.6499054509311577e-01 -7.4498149097066743e-02 0 0 0 1</transform>
        <rotation_covariance>4.6036801884414519e-05 -3.7618257749946088e-06 2.0968586627774386e-07 -3.7618257749946071e-06 1.9506379291860502e-05 -4.7306110979424800e-07 2.0968586627774343e-07 -4.7306110979424885e-07 1.3544585124669275e-05</rotation_covariance>
        <location_covariance>2.4447715647532664e-03 3.6824070321424050e-05 1.5575863786235458e-04 3.6824070321424050e-05 2.5474691046771677e-03 4.8418883912401694e-04 1.5575863786235458e-04 4.8418883912401694e-04 4.4535707052758564e-03</location_covariance>
        <reference x="-8.5273886472222191" y="41.217245330555599" z="115" enabled="true"/>
      </camera>
      <camera id="23" sensor_id="0" component_id="0" label="time_1546319399.730735">
        <transform>-8.7046050223618165e-02 9.9052759053775552e-01 -1.0619829341348272e-01 8.0873098496114686e+00 9.6736032859032584e-01 5.8577487448617960e-02 -2.4654142174049426e-01 2.6637236429160160e-02 -2.3798525124487147e-01 -1.2419247299122371e-01 -9.6329603437481259e-01 -3.9990805956946769e-02 0 0 0 1</transform>
        <rotation_covariance>4.4626772527931046e-05 -7.0378441893155925e-06 -4.1393687624552257e-07 -7.0378441893155899e-06 2.0922420695449689e-05 -2.9129564847644297e-07 -4.1393687624552130e-07 -2.9129564847644223e-07 1.3537970644432927e-05</rotation_covariance>
        <location_covariance>2.4266992589035328e-03 3.5507914120674932e-05 1.5084684381011702e-04 3.5507914120674932e-05 2.5283739223832340e-03 4.7914941975814280e-04 1.5084684381011702e-04 4.7914941975814280e-04 4.4258485687178580e-03</location_covariance>
        <reference x="-8.5273869083333302" y="41.217244444444397" z="115" enabled="true"/>
      </camera>
      <camera id="24" sensor_id="0" component_id="0" label="time_1546319400.030071">
        <transform>-3.6640343492091221e-02 9.9400370037052654e-01 -1.0302489445994245e-01 8.1165992827964484e+00 9.7665587566605538e-01 1.3782481121284301e-02 -2.1436731033698342e-01 -7.2442597729406130e-02 -2.1166196105052204e-01 -1.0847436039840092e-01 -9.7130454924313270e-01 7.7142482802034845e-03 0 0 0 1</transform>
        <rotation_covariance>4.3905069853772676e-05 -8.1140169369938510e-06 5.3909124240287412e-07 -8.1140169369938510e-06 2.1644578362396513e-05 -5.0315423244149464e-07 5.3909124240287327e-07 -5.0315423244149443e-07 1.3538208752698058e-05</rotation_covariance>
        <location_covariance>2.4001024686690730e-03 3.3870863023492127e-05 1.4474284237611678e-04 3.3870863023492127e-05 2.5005005517451228e-03 4.7303643360141164e-04 1.4474284237611678e-04 4.7303643360141164e-04 4.3882174627630603e-03</location_covariance>
        <reference x="-8.5273836611111093" y="41.217242633333299" z="115" enabled="true"/>
      </camera>
      <camera id="25" sensor_id="0" component_id="0" label="time_1546319400.329524">
        <transform>-2.3922316339496291e-02 9.8945732731427560e-01 -1.4283529047488175e-01 8.1503756316956899e+00 9.4880662991464315e-01 -2.2540560953658278e-02 -3.1505222129341021e-01 -2.0376839313378381e-01 -3.1495031641668586e-01 -1.4305984948959360e-01 -9.3826444974380452e-01 7.6220459706091523e-02 0 0 0 1</transform>
        <rotation_covariance>4.3289236308248778e-05 -8.7380362672699896e-06 -2.2475035356378470e-06 -8.7380362672699913e-06 2.2055945242902828e-05 4.3311820250287191e-08 -2.2475035356378470e-06 4.3311820250286768e-08 1.3740202915090333e-05</rotation_covariance>
        <location_covariance>2.3643307778656373e-03 3.1457132158053016e-05 1.3554380241107773e-04 3.1457132158053016e-05 2.4628972078506489e-03 4.6391648171677089e-04 1.3554380241107773e-04 4.6391648171677089e-04 4.3360719213551228e-03</location_covariance>
        <reference x="-8.5273799638888903" y="41.217240474999997" z="115" enabled="true"/>
      </camera>
      <camera id="26" sensor_id="0" component_id="0" label="time_1546319400.530361">
        <transform>-1.4226507476907013e-02 9.9062611624824881e-01 -1.3585839794403559e-01 8.1807722032894041e+00 9.5667875764507171e-01 -2.6029974598967193e-02 -2.8997964599788567e-01 -2.7817326204806214e-01 -2.9079780115346721e-01 -1.3409824096268980e-01 -9.4734064655488126e-01 1.0991054801164467e-01 0 0 0 1</transform>
        <rotation_covariance>4.3282697130657641e-05 -8.8513775679535348e-06 -1.5296130102800089e-06 -8.8513775679535348e-06 2.2163203217542814e-05 -1.1461830431612381e-07 -1.5296130102800085e-06 -1.1461830431612312e-07 1.3639465468198156e-05</rotation_covariance>
        <location_covariance>2.3461222526843608e-03 3.0408435978728028e-05 1.3157092869731088e-04 3.0408435978728028e-05 2.4438656352450752e-03 4.6044197601817174e-04 1.3157092869731088e-04 4.6044197601817174e-04 4.3130388478213964e-03</location_covariance>
        <reference x="-8.5273774027777804" y="41.217239080555601" z="115" enabled="true"/>
      </camera>
      <camera id="27" sensor_id="0" component_id="0" label="time_1546319400.830247">
        <transform>-3.5076286305322224e-03 9.9250910369850120e-01 -1.2212033252897728e-01 8.2372732649654594e+00 9.7736184410530280e-01 -2.2431747693384074e-02 -2.1038213418088092e-01 -3.9153991785779241e-01 -2.1154555591756610e-01 -1.2009369580047918e-01 -9.6996184564162635e-01 1.5453062165274870e-01 0 0 0 1</transform>
        <rotation_covariance>4.3342368252850434e-05 -8.8131715982496277e-06 8.0127302243345898e-07 -8.8131715982496310e-06 2.2177724517582754e-05 -7.1892213992837284e-07 8.0127302243345855e-07 -7.1892213992837306e-07 1.3566870243120538e-05</rotation_covariance>
        <location_covariance>2.3206879235765595e-03 2.9181527902696285e-05 1.2698765585019152e-04 2.9181527902696285e-05 2.4175732030393433e-03 4.5685503845901054e-04 1.2698765585019152e-04 4.5685503845901054e-04 4.2843196420526974e-03</location_covariance>
        <reference x="-8.5273730777777796" y="41.2172368111111" z="115" enabled="true"/>
      </camera>
      <camera id="28" sensor_id="0" component_id="0" label="time_1546319401.030251">
        <transform>-5.7285940826117265e-03 9.9406308456712500e-01 -1.0865434694815512e-01 8.2797325224537808e+00 9.7546006815154840e-01 -1.8360789637176356e-02 -2.1940951858494276e-01 -4.8444845309766377e-01 -2.2010188243541595e-01 -1.0724488474884364e-01 -9.6956366270791816e-01 1.9042936759890525e-01 0 0 0 1</transform>
        <rotation_covariance>4.3374573523610360e-05 -8.8017554629562059e-06 4.1582155290430481e-07 -8.8017554629562059e-06 2.2173176951229564e-05 -5.2280813368031787e-07 4.1582155290430565e-07 -5.2280813368031893e-07 1.3539207890566451e-05</rotation_covariance>
        <location_covariance>2.2998616493730526e-03 2.8214109003779037e-05 1.2329010066647211e-04 2.8214109003779037e-05 2.3960148731443191e-03 4.5369265902097235e-04 1.2329010066647211e-04 4.5369265902097235e-04 4.2593214073131554e-03</location_covariance>
        <reference x="-8.5273699388888904" y="41.217235225000003" z="115" enabled="true"/>
      </camera>
      <camera id="29" sensor_id="0" component_id="0" label="time_1546319401.330063">
        <transform>-1.1073970867516936e-02 9.9566722345477676e-01 -9.2326308856580233e-02 8.3443356144401655e+00 9.6429780168389689e-01 -1.3797841304203473e-02 -2.6446052492375471e-01 -6.4393748792460437e-01 -2.6458858032203370e-01 -9.1958684816602798e-02 -9.5996691789351341e-01 2.4704707149166250e-01 0 0 0 1</transform>
        <rotation_covariance>4.3355476418728572e-05 -8.7927916364565250e-06 -1.1026449100925128e-06 -8.7927916364565250e-06 2.2167550468359957e-05 2.1385914747554390e-08 -1.1026449100925150e-06 2.1385914747554072e-08 1.3562941382488163e-05</rotation_covariance>
        <location_covariance>2.2643100310645332e-03 2.6817258036564200e-05 1.1785020005532894e-04 2.6817258036564200e-05 2.3591978297644090e-03 4.4823419571463308e-04 1.1785020005532894e-04 4.4823419571463308e-04 4.2133115952823277e-03</location_covariance>
        <reference x="-8.5273649500000008" y="41.217232591666701" z="115" enabled="true"/>
      </camera>
      <camera id="30" sensor_id="0" component_id="0" label="time_1546319401.630234">
        <transform>-1.6592877265612604e-02 9.9595220643115079e-01 -8.8339566044731574e-02 8.4091023037735724e+00 9.5372946323519270e-01 -1.0762140166414760e-02 -3.0047343858675618e-01 -8.0787643220973293e-01 -3.0020790692644850e-01 -8.9237765794318580e-02 -9.4969038837659037e-01 3.0221733295663311e-01 0 0 0 1</transform>
        <rotation_covariance>4.3267262897848217e-05 -8.7341202874243469e-06 -2.2472000704580533e-06 -8.7341202874243469e-06 2.2127675376391335e-05 3.7604854122557968e-07 -2.2472000704580533e-06 3.7604854122557979e-07 1.3690007098889875e-05</rotation_covariance>
        <location_covariance>2.2287586146661131e-03 2.5569976940827350e-05 1.1288918858391397e-04 2.5569976940827350e-05 2.3224383811417410e-03 4.4292969020078167e-04 1.1288918858391397e-04 4.4292969020078167e-04 4.1665667731780884e-03</location_covariance>
        <reference x="-8.5273597166666697" y="41.217229447222202" z="115" enabled="true"/>
      </camera>
      <camera id="31" sensor_id="0" component_id="0" label="time_1546319401.930339">
        <transform>-2.1331688239033836e-02 9.9591362344882195e-01 -8.7755419809322902e-02 8.4672861852400700e+00 9.4547129914046579e-01 -8.4388060705022083e-03 -3.2559608267567353e-01 -9.6875130113159924e-01 -3.2500612544767860e-01 -8.9915744901225711e-02 -9.4142773341364083e-01 3.5571468062784045e-01 0 0 0 1</transform>
        <rotation_covariance>4.3169719370467484e-05 -8.6697663959886498e-06 -3.0284750479658578e-06 -8.6697663959886498e-06 2.2084843472694390e-05 6.0045406513088410e-07 -3.0284750479658595e-06 6.0045406513088388e-07 1.3829697402082253e-05</rotation_covariance>
